00236, 00064, 00417, 00774, 01562, 01025, 01552, 01025,
00272, 00172, 00736, 01506, 01023, 00435, 00656, 01416,
00740, 00752, 00007, 01116, 00047, 00264, 01753, 01010,
00435, 00072, 00126, 00235, 00421, 00774, 00072, 00156,
00446, 00223, 00756, 00642, 00226, 00272, 01020, 00616,
01174, 01062, 00263, 01222, 00032, 00307, 01474, 00263,
00472, 01142, 00303, 00244, 01072, 00720, 01672, 00307,
00756, 01672, 01020, 00132, 00271, 00510, 00423, 00410,
00332, 00271, 00510, 00556, 01522, 01070, 01020, 00610,
00710, 01020, 00272, 00143, 01366, 01025, 01010, 00435,
00511, 00167, 00072, 00366, 01062, 00537, 01222, 01056,
00016, 00022, 00426, 00774, 00573, 00742, 01032, 00567,
00472, 00620, 00354, 01153, 00676, 00356, 00416, 00647,
01136, 01472, 01150, 00732, 01154, 01136, 00032, 00232,
00222, 00356, 01167, 00032, 00662, 01216, 01672, 00553,
01010, 00755, 00167, 00774, 00072, 00652, 00652, 00752,
00752, 01416, 01204, 00232, 00226, 01366, 01210, 00232,
00366, 01416, 01220, 01732, 00656, 01332, 01220, 01047,
01152, 01152, 00016, 01622, 01522, 01230, 00472, 00423,
01466, 01234, 01262, 00132, 01032, 00774, 01506, 01244,
00416, 01020, 01064, 00067, 01502, 01241, 00706, 01213,
00434, 01253, 01262, 01165, 00167, 01562, 01025, 00435,
00032, 00226, 01321, 01257, 00172, 00372, 00572, 00572,
00632, 00372, 00436, 00272, 00556, 01377, 01166, 00556,
00616, 01474, 01542, 01305, 01732, 01772, 00216, 00432,
00132, 01274, 00530, 01772, 01517, 00742, 01632, 01467,
00532, 00732, 00620, 01746, 01354, 01316, 00402, 00232,
00372, 01020, 00610, 01074, 00330, 01160, 00670, 01010,
01310, 00470, 00007, 00372, 01751, 00007, 00435, 01653,
00435, 01262, 00372, 01751, 01010, 01310, 00132, 01751,
00741, 00564, 00175, 01004, 01617, 00506, 01746, 01546,
01365, 01020, 01326, 01405, 00774, 00316, 00756, 00756,
01552, 01450, 00620, 01354, 01407, 00332, 01020, 01156,
00013, 00432, 00326, 01034, 01432, 00720, 01154, 01422,
00265, 00127, 00720, 00265, 00620, 00620, 00265, 00272,
00332, 00233, 00032, 00255, 00720, 01144, 01440, 00720,
00255, 00732, 00532, 00372, 00664, 00421, 00664, 01257,
01312, 01405, 00047, 01746, 00606, 00246, 01746, 00546,
00546, 01046, 01034, 01365, 00032, 00256, 00632, 00416,
01020, 00032, 00664, 00435, 00226, 00372, 01064, 00115,
00372, 01004, 00765, 00372, 01321, 00372, 00715, 01254,
01504, 01274, 00730, 00222, 00372, 00507, 00172, 01162,
00567, 01646, 00232, 00736, 00232, 01122, 00473, 00132,
00642, 00664, 01241, 01107, 01646, 01122, 00563, 00022,
00472, 00642, 00473, 01646, 00642, 00507, 00232, 01064,
00115, 00372, 00432, 00232, 00664, 00435, 00664, 00235,
00426, 00367, 00762, 01032, 00713, 00472, 00732, 01776,
00372, 00620, 01020, 00756, 01672, 01352, 01636, 01522,
01573, 01216, 01352, 01624, 00426, 00032, 00556, 01133,
00406, 01562, 01620, 01172, 00412, 00304, 00424, 01621,
00422, 00064, 00417, 01672, 01156, 01117, 00416, 01362,
01634, 00132, 01032, 01256, 00436, 01020, 00232, 00706,
00706, 00706, 00232, 01227, 00756, 01032, 01223, 00472,
01166, 01257, 01137, 00232, 00716, 00232, 00732, 01034,
01645, 01552, 01610, 01227, 00432, 00244, 01777, 01172,
00430, 00772, 00422, 01772, 01544, 01746, 00444, 01710,
00144, 01722, 01644, 01732, 00644, 01737, 00720, 01020,
00274, 01615, 00030, 01030, 00530, 00330, 00130, 00730,
00674, 01020, 01674, 01615, 00330, 00030, 01030, 00430,
01574, 01020, 01174, 01615, 01615, 00374, 01020, 01074,
01615, 00274, 01020, 00330, 00330, 01020, 01574, 00330,
00130, 00030, 00130, 00730, 01130, 01030, 00030, 00430,
00330, 00474, 01020, 00000, 01060, 01060, 01060, 01060,
01060, 01060, 01060, 01060, 01060, 01060, 01060, 00474,
