00117, 01707, 00766, 01113, 01237, 01143, 01167, 01073,
01065, 01133, 01020, 01123, 01117, 01243, 01157, 00230,
01711, 01172, 01020, 00701, 01030, 01117, 01362, 00430,
01475, 01243, 01053, 01172, 01172, 01017, 01030, 00107,
00773, 01003, 01166, 01147, 01237, 01027, 01037, 01166,
00733, 01047, 01020, 01123, 01117, 01053, 01166, 01107,
01172, 00727, 00743, 01705, 00763, 00123, 00757, 00742,
01065, 00673, 00766, 00717, 00766, 00473, 01166, 01103,
01053, 00123, 00617, 01237, 01166, 00627, 01107, 01113,
00717, 00157, 00163, 01017, 01172, 01013, 00772, 00717,
00742, 01061, 00637, 00742, 01061, 00742, 01166, 00643,
01172, 01172, 01172, 00657, 01166, 00603, 01166, 01172,
00330, 01115, 01723, 01201, 00123, 01201, 00157, 00742,
00742, 00766, 00107, 01115, 01731, 01237, 00742, 01172,
00426, 01166, 01020, 00772, 01243, 01705, 01142, 01123,
00701, 00430, 01117, 00766, 00230, 01123, 00730, 01713,
01711, 00173, 01175, 00430, 01123, 01711, 01147, 01711,
01117, 01166, 01030, 01123, 01142, 01142, 01142, 01020,
01711, 01061, 01142, 00772, 00772, 01020, 00766, 01243,
00701, 00230, 00107, 00230, 01707, 01705, 01123, 01166,
01166, 01166, 00707, 01362, 00366, 01475, 00742, 00742,
00742, 01020, 01441, 01717, 01362, 00260, 01475, 01237,
01711, 01353, 01711, 00762, 01727, 01172, 00742, 01717,
01562, 00317, 01441, 01333, 01455, 01717, 00701, 01362,
00332, 01020, 01362, 00306, 01455, 01713, 01731, 01243,
00274, 00330, 00130, 00174, 00230, 01374, 01020, 00274,
00330, 00330, 01757, 01705, 00762, 01727, 00766, 01243,
01705, 00766, 00630, 00230, 01074, 00716, 00220, 00000,
01547, 01373, 00766, 01547, 01543, 01547, 01413, 01517,
01217, 01313, 01343, 01253, 00133, 01363, 01263, 01441,
00766, 00766, 00766, 00766, 00766, 01020, 00030, 01142,
00274, 00330, 00530, 00174, 00530, 00130, 00174, 01020,
00202, 00242, 00762, 00762, 00174, 00330, 00030, 01630,
00212, 00464, 00220, 00642, 00107, 00430, 01074, 00230,
00127, 01042, 01074, 00130, 00422, 01102, 00000, 00023,
00274, 00230, 00230, 00766, 01020, 00432, 01172, 01674,
00251, 01155, 01142, 00177, 00410, 00310, 00372, 01414,
00064, 01717, 00620, 00000, 01714, 01724, 00467, 01204,
00500, 01534, 00506, 00310, 00624, 00526, 00223, 01234,
00506, 01004, 00424, 00617, 01474, 00620, 01302, 00475,
00330, 00720, 00342, 00302, 01504, 00263, 00000, 00000,
01152, 00257, 01354, 00452, 01020, 00436, 01176, 00251,
01155, 00251, 01155, 00251, 01155, 00251, 01514, 01474,
01142, 00563, 00410, 00227, 00410, 01110, 01110, 01110,
00310, 00372, 00264, 01603, 00404, 00310, 01221, 00372,
01750, 00420, 00432, 01274, 01130, 01674, 01730, 01730,
00232, 00172, 01672, 01672, 01672, 00432, 01172, 00236,
00332, 00072, 00210, 01474, 00251, 01160, 00410, 00070,
00603, 01474, 00251, 01160, 00310, 00232, 00070, 00410,
01360, 00666, 00672, 01122, 00707, 00734, 00622, 01221,
01770, 00227, 00232, 00704, 00174, 00230, 00030, 01274,
00530, 00232, 00707, 00620, 01302, 00633, 00342, 01474,
01020, 00000, 00000, 00000, 01074, 00330, 01160, 01020,
00372, 01221, 00332, 01750, 00172, 01470, 00232, 01370,
01034, 00670, 01426, 00670, 01166, 01350, 01770, 01377,
01166, 01350, 01770, 01160, 00372, 01360, 00372, 01174,
01020, 01542, 01251, 00604, 01414, 01204, 01443, 01404,
00764, 01035, 00432, 01160, 01770, 00422, 01352, 00721,
00432, 01766, 00620, 00054, 00721, 01556, 00731, 01766,
01567, 01156, 01356, 00735, 01130, 01221, 00424, 00741,
01450, 00174, 00230, 00530, 01350, 00332, 01174, 00530,
01474, 01730, 00664, 01465, 01434, 00760, 00404, 01241,
01156, 01142, 01653, 01130, 01074, 01424, 00770, 00330,
00232, 01221, 01370, 00174, 01142, 01174, 01130, 01350,
