00232, 01465, 00564, 01241, 01156, 01142, 00007, 01741,
00451, 00564, 01221, 01474, 01670, 00130, 01650, 00434,
01301, 01224, 01641, 00724, 00703, 01407, 00764, 00133,
00764, 00337, 00660, 00131, 00330, 01074, 00130, 01730,
00141, 01074, 00230, 01605, 00461, 00724, 01641, 00764,
01061, 00131, 00430, 01074, 00130, 01605, 00461, 00764,
01207, 00410, 00660, 00420, 00310, 00764, 01061, 00131,
00130, 01074, 00330, 01130, 00141, 01605, 00461, 00724,
01641, 00764, 01061, 00131, 00230, 01074, 00330, 01605,
00461, 00277, 00764, 01237, 01700, 00474, 01715, 00272,
00711, 01360, 00735, 00232, 01142, 01160, 00372, 00070,
00032, 01374, 00246, 00520, 00520, 00520, 00520, 00520,
00520, 00520, 00406, 00132, 00472, 00532, 00711, 01360,
01005, 00372, 01360, 01005, 00232, 01142, 00527, 01360,
01005, 00453, 01074, 01130, 01130, 01160, 01020, 00314,
00432, 01410, 00100, 00324, 01205, 00756, 00753, 00764,
01303, 00314, 00100, 00334, 01202, 00420, 01474, 00314,
01700, 00324, 01406, 01020, 00410, 01074, 00314, 01300,
00334, 01223, 01004, 00760, 01324, 01032, 01605, 00100,
00711, 00735, 01370, 01674, 00406, 00372, 00332, 01162,
01362, 00707, 01162, 01362, 00704, 01162, 01362, 01254,
01427, 01142, 01142, 01427, 00404, 00764, 00645, 01465,
00764, 01321, 01174, 01142, 01277, 01741, 00451, 01024,
01273, 00764, 00425, 00434, 01301, 01224, 01641, 00724,
01304, 00764, 01061, 01133, 00604, 00764, 00645, 01204,
01074, 01142, 01277, 00432, 01573, 00232, 00624, 01313,
00711, 00735, 01370, 01374, 00406, 00532, 00372, 00735,
01374, 01370, 00346, 00406, 00532, 00372, 00232, 01174,
01020, 00310, 01700, 00260, 00100, 01374, 01701, 00100,
00272, 00735, 00232, 00174, 01715, 00100, 00674, 01707,
00620, 00000, 00000, 00000, 00420, 01354, 01360, 01020,
00624, 01405, 00232, 00711, 00735, 01374, 01370, 00172,
00372, 00146, 01032, 01532, 01410, 01020, 01374, 00232,
01342, 01657, 00032, 00416, 00604, 00704, 01504, 01142,
01142, 00123, 00564, 01437, 00564, 01407, 01074, 00330,
01160, 01670, 00272, 00732, 00620, 00454, 01433, 00422,
00174, 00620, 00562, 01342, 01446, 00762, 01354, 01441,
00226, 00774, 00402, 01634, 01456, 00230, 00034, 01461,
00130, 00374, 00406, 01772, 01772, 01274, 01020, 01474,
01160, 00232, 00070, 00232, 01532, 01503, 01142, 00343,
00704, 00774, 00130, 00416, 01020, 00624, 01273, 01074,
00330, 01160, 01770, 00232, 00732, 00732, 00374, 01666,
00620, 00754, 01517, 00006, 00232, 00562, 00543, 00742,
00620, 01154, 01525, 00274, 00014, 01614, 01342, 01546,
00004, 01142, 01342, 01546, 00014, 01604, 00130, 01650,
01020, 01074, 00330, 01160, 01570, 01356, 01563, 01024,
01567, 00432, 01550, 00574, 00730, 00230, 01730, 01074,
01152, 00757, 01146, 00252, 00574, 00530, 01112, 01152,
00773, 00212, 01212, 00376, 01174, 01730, 01750, 00774,
01342, 01613, 00704, 01020, 01524, 01657, 00072, 01274,
01330, 01230, 01530, 00406, 00272, 01106, 00210, 00314,
01714, 01724, 01630, 01724, 01641, 00560, 00334, 01633,
01020, 01524, 01657, 00510, 00314, 00064, 00357, 00314,
01700, 00560, 00324, 01112, 00360, 00100, 01020, 01235,
00360, 00510, 00264, 01753, 00372, 01100, 00332, 00314,
01160, 01074, 01342, 01732, 01474, 01413, 00520, 00520,
00720, 00720, 01152, 01373, 00070, 00206, 00202, 00232,
01360, 00332, 01156, 01160, 00070, 01344, 01721, 00620,
00206, 00232, 00332, 01074, 01146, 01342, 01732, 00232,
01360, 00232, 01020, 00564, 00167, 00564, 00467, 00564,
01007, 00564, 00623, 01172, 01074, 00212, 00030, 01230,
01474, 01402, 00413, 00564, 00003, 00000, 00000, 00000,
00000, 00000, 00000, 00000, 00000, 00432, 01617, 01557,
01567, 00664, 01063, 00664, 00307, 01577, 01607, 00000,
