00000, 01743, 00264, 00217, 01074, 00330, 01160, 01570,
01020, 00256, 01160, 00070, 00232, 00520, 00520, 01152,
00067, 01020, 00564, 01303, 01550, 01020, 00610, 00464,
00035, 00372, 00262, 00232, 00417, 00104, 00021, 01356,
00043, 01334, 00044, 00111, 01514, 01477, 00224, 00061,
00124, 00103, 00204, 01414, 00021, 01556, 00060, 00111,
00223, 00214, 00111, 01104, 00420, 01500, 01300, 01414,
00264, 01025, 00567, 00372, 00332, 01104, 01414, 00523,
01114, 00433, 00372, 01104, 00564, 00175, 00372, 00334,
00114, 00471, 00214, 00114, 01414, 00523, 00224, 00122,
00134, 00123, 00113, 01020, 01300, 00420, 00314, 00264,
01025, 01500, 00324, 00257, 00471, 00332, 00224, 00304,
00432, 00114, 00314, 00422, 00410, 01324, 00317, 01764,
01431, 00132, 00172, 01424, 00157, 00464, 00035, 00264,
00711, 01760, 00310, 00210, 01714, 01724, 00164, 00314,
01500, 00324, 00263, 00114, 00300, 00324, 00204, 01334,
00206, 01314, 00372, 00373, 01334, 00315, 00314, 00560,
00324, 01324, 01734, 00167, 00310, 00372, 00400, 00120,
00416, 00212, 01656, 01474, 00530, 00516, 01152, 01127,
01616, 00716, 00416, 00574, 00430, 00314, 00434, 00254,
00634, 00254, 00512, 01024, 00251, 00512, 00724, 00251,
00512, 00410, 00164, 00220, 00410, 00364, 00220, 00432,
00410, 01400, 00637, 01400, 00720, 00000, 00000, 00000,
00000, 01154, 00206, 00410, 00762, 01413, 01500, 00410,
00314, 00417, 00410, 01033, 01714, 01734, 00353, 00314,
00500, 00324, 00351, 00214, 00323, 00372, 01304, 00021,
00264, 00477, 00045, 00764, 01721, 00264, 00377, 01324,
00161, 00372, 00021, 00124, 00355, 00224, 00355, 00317,
00314, 00111, 00324, 01366, 01100, 00000, 00314, 01364,
01073, 00400, 01663, 00500, 00021, 00045, 00210, 00232,
00410, 01464, 00107, 01034, 00124, 00471, 00214, 00323,
00432, 00410, 00432, 00610, 00432, 00264, 00003, 00000,
00000, 00756, 00756, 01147, 00756, 00756, 00756, 00756,
00756, 00756, 00756, 00756, 00756, 00756, 00756, 00756,
00756, 00330, 00177, 00756, 00756, 00756, 00503, 00756,
00756, 00756, 00756, 00756, 00756, 00613, 00430, 00272,
00410, 00264, 01025, 01324, 00340, 01464, 00107, 00364,
01637, 01504, 00064, 00613, 00364, 00753, 00364, 01023,
00364, 01343, 00364, 01477, 00264, 01733, 01364, 01477,
00364, 00107, 00264, 00313, 00364, 01037, 00000, 00000,
00557, 01523, 00553, 00527, 00533, 00363, 00737, 00753,
00273, 00263, 00756, 00756, 00230, 00177, 00000, 00333,
00756, 00756, 00756, 00137, 00143, 00103, 00107, 01003,
00000, 01243, 01737, 01763, 01013, 00000, 00117, 00137,
00463, 00763, 00756, 00756, 00173, 00163, 00457, 00756,
00756, 00756, 00530, 00364, 00353, 00323, 00147, 00073,
01653, 01247, 00756, 00756, 00756, 00756, 00303, 00730,
01730, 00177, 01130, 00743, 01204, 00530, 00414, 00247,
01030, 00773, 00630, 00773, 00000, 00363, 00647, 00637,
00273, 00263, 00756, 00756, 00756, 00756, 01243, 00077,
00756, 00343, 00153, 00000, 01757, 01063, 01463, 00756,
01163, 00756, 00756, 01053, 00530, 00177, 00027, 00037,
01457, 00756, 01607, 00613, 00013, 01253, 00756, 01137,
00756, 00756, 00756, 00756, 00453, 01403, 00313, 00057,
01417, 01257, 00756, 00756, 00756, 00756, 00303, 00000,
00000, 01730, 00264, 01025, 00704, 00247, 01330, 01353,
01630, 00414, 00247, 01230, 01407, 00363, 00653, 00643,
00273, 00263, 00756, 00756, 00756, 00756, 01737, 00353,
00756, 00127, 00157, 00000, 01753, 01067, 01467, 00756,
01563, 00756, 00756, 01453, 00756, 01233, 00023, 00033,
01657, 00756, 01633, 00063, 01057, 01747, 00756, 01537,
00000, 00756, 00756, 00756, 01547, 01347, 00007, 00067,
01373, 00453, 00756, 00756, 00756, 00756, 00237, 00756,
00756, 00756, 00756, 00756, 00756, 00030, 00177, 00000,
