01772, 00372, 00064, 00021, 00464, 01711, 00520, 00520,
00520, 00372, 01410, 00464, 01213, 01305, 00230, 00230,
00137, 01305, 00430, 00133, 01305, 00030, 00030, 01650,
00064, 00463, 00064, 00413, 00364, 00023, 00625, 00272,
01352, 01044, 00756, 01020, 00756, 01356, 01054, 01156,
00726, 00620, 01526, 01045, 01020, 01200, 00064, 00527,
01227, 01747, 01247, 00107, 00067, 00163, 00123, 00553,
00563, 00613, 01513, 01617, 00513, 00517, 01717, 00533,
00643, 01763, 01773, 00657, 00673, 00267, 00703, 01737,
00753, 01027, 01017, 01043, 01067, 01057, 00503, 01457,
00264, 01767, 01004, 00625, 00664, 01617, 01564, 01355,
01464, 01537, 00625, 00573, 00625, 01262, 01010, 00664,
00745, 01753, 00664, 00135, 01753, 00610, 00710, 01020,
00372, 00664, 01633, 00731, 00710, 01753, 00764, 01753,
00432, 01160, 01770, 00372, 01750, 00153, 01134, 01171,
01310, 01020, 00731, 01264, 00215, 00572, 00572, 01772,
00766, 00416, 01753, 00004, 01033, 00014, 01614, 01457,
00014, 01604, 01457, 00064, 00013, 00410, 00432, 01074,
00402, 01160, 00372, 00070, 00232, 00332, 00330, 01160,
00070, 00232, 01360, 00332, 01160, 00232, 01360, 00332,
00742, 01077, 00410, 00064, 00357, 01010, 01310, 00232,
01753, 00072, 01114, 00160, 01434, 00373, 00060, 00064,
00373, 00372, 01764, 01431, 01670, 01674, 01020, 00372,
01074, 00330, 01160, 01570, 00124, 01300, 00234, 00363,
00422, 01772, 01772, 01772, 01572, 01310, 00064, 00307,
01360, 00124, 01306, 00064, 00363, 01410, 00332, 00664,
00461, 01753, 00625, 00232, 01264, 00171, 00756, 00756,
00664, 00511, 00022, 00410, 01264, 00215, 00664, 00355,
00664, 00165, 01753, 00625, 00032, 00226, 00372, 01264,
00215, 00372, 00756, 00756, 00664, 00551, 00022, 00410,
01264, 00171, 01573, 01564, 01355, 01464, 01513, 01110,
01110, 01110, 00064, 00417, 00364, 00003, 00264, 01763,
01431, 01674, 01542, 01405, 00404, 00474, 01342, 01411,
00704, 01374, 01020, 00642, 00077, 01564, 01357, 00141,
00030, 00127, 00672, 00141, 00130, 01650, 00064, 00363,
01431, 01670, 00774, 00716, 00716, 00720, 00652, 00167,
01020, 00716, 00652, 00220, 00372, 01262, 00064, 00417,
01664, 01467, 01557, 01757, 01637, 01457, 00243, 00133,
01402, 01413, 01431, 01670, 01374, 00530, 01374, 00732,
01142, 00337, 00202, 01650, 00064, 00463, 00624, 01460,
01402, 01441, 01424, 01506, 01245, 00437, 00001, 00424,
01566, 01362, 01643, 00734, 01516, 00742, 00674, 01162,
00716, 00716, 01542, 01532, 01512, 01535, 00766, 00724,
01542, 00633, 00724, 01546, 00623, 00734, 01545, 00742,
01574, 00627, 01574, 00130, 00274, 00742, 01750, 01746,
00762, 00574, 01162, 00720, 00706, 01562, 01552, 01352,
01563, 01152, 00657, 00106, 01770, 00763, 01074, 00216,
00706, 01474, 00242, 00216, 01750, 00256, 00274, 01772,
00620, 01354, 01577, 01410, 01326, 01643, 01112, 00156,
01352, 01615, 00412, 01216, 01156, 01512, 01620, 01113,
00012, 01216, 00516, 00232, 01512, 01637, 01352, 01637,
00432, 01312, 01645, 00372, 01414, 00060, 01217, 01312,
01642, 01216, 00356, 00064, 00523, 01172, 00412, 00362,
01157, 01404, 01134, 01656, 00332, 01310, 01104, 01431,
01670, 01474, 00130, 01500, 00324, 01671, 00224, 01673,
01353, 01400, 01650, 00432, 00314, 00372, 00432, 00752,
01230, 01674, 00230, 00230, 01374, 01020, 01074, 00330,
01160, 01770, 01020, 01434, 01721, 01431, 00674, 01542,
01727, 01245, 00372, 00774, 00130, 00372, 01162, 01674,
00030, 00030, 01603, 01424, 01742, 01245, 00474, 00742,
01750, 01217, 01431, 00474, 01342, 01737, 01603, 01410,
01434, 01444, 00001, 00424, 01763, 00372, 01366, 01761,
01262, 00372, 01217, 00574, 01152, 01352, 01771, 00130,
00763, 00330, 00763, 00332, 01310, 01114, 00064, 00373,
