00163, 00207, 00163, 00233, 00233, 00143, 00203, 01533,
01333, 01507, 01363, 00253, 01437, 00273, 01457, 00064,
00363, 00510, 00256, 00012, 00332, 00774, 00314, 00220,
00410, 01764, 01431, 00510, 01410, 00716, 01564, 00220,
00604, 01474, 01230, 01474, 01764, 00373, 01410, 00716,
01664, 00220, 01004, 01074, 00642, 00642, 01074, 00642,
00642, 01474, 00332, 00410, 00642, 00347, 01204, 01564,
01357, 01102, 00232, 01074, 00272, 00732, 00732, 00212,
00732, 00732, 00256, 00620, 01254, 00100, 00064, 00021,
01556, 00114, 00064, 00111, 01074, 00620, 00620, 01152,
00467, 01160, 00372, 00070, 00372, 00132, 01442, 00205,
00720, 00720, 01354, 00126, 00747, 01160, 00232, 00070,
00232, 01532, 00144, 00747, 01074, 01442, 00205, 01174,
01442, 00205, 01674, 01442, 00205, 00274, 01442, 00205,
01574, 01442, 00205, 00474, 01442, 00205, 01274, 01442,
00205, 01074, 01146, 01542, 00135, 00624, 00765, 00230,
00604, 00567, 01574, 00132, 00507, 00102, 01442, 00212,
00102, 00543, 00102, 00620, 01442, 00220, 00720, 00543,
00102, 01442, 00225, 00102, 01073, 00752, 00620, 00620,
00254, 00225, 00752, 00752, 00752, 01410, 01252, 00272,
00510, 00372, 00064, 00021, 01034, 00262, 00232, 00474,
00706, 00706, 00706, 00232, 00224, 00262, 00204, 00124,
00262, 00432, 00216, 01550, 00064, 00317, 01565, 01424,
01422, 00564, 00071, 01413, 01565, 01424, 00052, 01262,
00664, 00745, 00564, 00175, 00324, 00765, 01513, 01565,
01424, 00056, 01403, 01565, 01424, 00017, 00664, 00145,
01413, 01641, 01360, 00510, 00064, 00357, 01641, 01134,
00332, 01310, 00232, 00064, 00417, 00216, 00256, 01474,
00742, 01623, 01564, 01357, 01230, 01404, 01416, 00362,
00332, 00410, 01074, 00402, 01160, 00070, 00132, 00232,
01410, 01414, 01020, 00432, 01550, 00077, 01400, 01414,
01104, 00064, 00527, 00324, 01256, 00064, 00463, 00000,
01747, 00107, 00123, 00307, 00173, 00323, 00363, 00407,
00333, 00343, 00427, 00423, 00433, 00353, 00463, 00664,
01553, 00564, 01171, 00133, 00664, 00451, 00064, 00417,
00610, 00710, 00422, 00133, 01464, 01733, 00564, 01433,
00163, 00473, 01173, 01203, 01213, 01237, 00143, 00403,
01223, 01273, 01253, 01247, 01257, 01313, 00443, 00064,
00363, 00664, 01265, 00133, 00564, 00357, 00764, 00347,
01064, 01653, 01264, 00323, 01010, 01310, 00232, 01204,
00604, 01004, 01064, 00223, 01204, 00604, 01264, 00347,
00372, 01404, 00064, 00133, 01664, 01337, 00664, 00017,
00677, 00653, 00763, 00707, 00663, 01017, 01013, 00747,
00720, 00720, 00720, 01057, 00404, 00603, 00404, 01504,
00432, 01160, 01770, 00434, 00550, 00232, 00564, 01227,
01371, 00633, 01210, 01072, 01372, 00566, 00717, 01210,
01072, 01572, 00566, 00064, 00111, 00314, 00510, 00064,
00357, 01210, 01504, 00773, 01210, 00232, 01262, 00664,
00745, 01017, 01262, 01566, 00610, 01524, 00566, 00717,
01362, 00566, 00717, 01670, 00272, 00344, 00624, 00744,
00624, 00030, 00720, 01360, 01502, 00566, 00717, 01766,
01766, 01601, 01471, 00232, 01764, 00313, 00564, 01063,
00564, 00633, 00564, 01467, 01004, 00764, 00633, 00564,
00353, 01204, 00604, 01504, 01164, 00013, 01345, 00406,
00216, 00133, 01345, 00016, 00664, 01165, 01156, 00226,
00133, 01664, 00173, 00432, 01160, 01770, 00274, 00620,
01766, 01354, 00677, 01352, 00706, 00432, 01224, 00773,
00624, 00627, 01766, 01565, 00464, 01547, 00314, 01366,
00731, 01410, 01166, 00724, 00726, 00420, 00742, 01473,
00304, 01020, 01356, 00743, 01156, 01356, 00744, 01156,
01356, 00745, 01737, 01766, 01766, 01474, 01020, 01766,
01565, 01074, 01730, 01531, 01156, 00334, 00073, 01330,
01474, 01471, 01156, 00334, 00073, 00510, 00372, 00264,
01757, 00064, 00233, 01362, 00747, 01551, 01772, 01772,
