00630, 01130, 00330, 00130, 00430, 00730, 00130, 01030,
00030, 00530, 00630, 00774, 01020, 00420, 00662, 01410,
01156, 00664, 01223, 00432, 00774, 00230, 00330, 00030,
00230, 00530, 01030, 00530, 00030, 01130, 00230, 01130,
01130, 00430, 00774, 01020, 00774, 01372, 00173, 01562,
00213, 00664, 00435, 01356, 00251, 00756, 00032, 01626,
01356, 00267, 01646, 00162, 01274, 00620, 01122, 00327,
00122, 00436, 00373, 01672, 00742, 00122, 00172, 00420,
00522, 00410, 00222, 00732, 01672, 01162, 00423, 01410,
00410, 00472, 00732, 01122, 00357, 00262, 01122, 00522,
00523, 00132, 00732, 00573, 00544, 00121, 00762, 00620,
00132, 00122, 00732, 00367, 01162, 00720, 00372, 00764,
01321, 01672, 00372, 00627, 00472, 01142, 00623, 01562,
00134, 00244, 00273, 00432, 01625, 00664, 01165, 00022,
00734, 00163, 01262, 01224, 00744, 00624, 00337, 00664,
00165, 00064, 00417, 01234, 00202, 01010, 01526, 00204,
01310, 00232, 00264, 01753, 01522, 00200, 00232, 00664,
00435, 00432, 00747, 01234, 00202, 01010, 00172, 01512,
00200, 00656, 01116, 00736, 01526, 00245, 01516, 00240,
00222, 00262, 00562, 00562, 00622, 01362, 00241, 00404,
00422, 00372, 01310, 00372, 00257, 01516, 00222, 00132,
01003, 00272, 01102, 01526, 00257, 00432, 00717, 00664,
01165, 00664, 00511, 00522, 01122, 00416, 00313, 00704,
00664, 01165, 01327, 01356, 00155, 01172, 00372, 00066,
00115, 00232, 01072, 01312, 00306, 01072, 00232, 00372,
01352, 00313, 01272, 00206, 00620, 00732, 00554, 00314,
00774, 01502, 00334, 00726, 00232, 00222, 00664, 00305,
00664, 00421, 00426, 00717, 00656, 00620, 01523, 00372,
00115, 00372, 00664, 00551, 00737, 00720, 01156, 00254,
00345, 01020, 01210, 00610, 00710, 01366, 00463, 01362,
00364, 00704, 01204, 00422, 00664, 00511, 00022, 00564,
00211, 00314, 01154, 00467, 01572, 00402, 01010, 00710,
01310, 00432, 00032, 00072, 00266, 01362, 00417, 00404,
01534, 00417, 01234, 00417, 01214, 00704, 00414, 00774,
01352, 00616, 00445, 00634, 00630, 01601, 00432, 00172,
00372, 01672, 00642, 01206, 00243, 00132, 00232, 00664,
01165, 00410, 00232, 00664, 00361, 01156, 00664, 01321,
00372, 00132, 00710, 00232, 00664, 00521, 00022, 01552,
00630, 00132, 01123, 00752, 00222, 01532, 00367, 00132,
01010, 00372, 01310, 00372, 00664, 00375, 01364, 00621,
00132, 00232, 00710, 00664, 00155, 01010, 01310, 00510,
00027, 01534, 00515, 00610, 00710, 01020, 00172, 01332,
00534, 01102, 01532, 00621, 00232, 00634, 00532, 01545,
00432, 00563, 01264, 00215, 00232, 00445, 00432, 01064,
01631, 00372, 01264, 00215, 00572, 01772, 00372, 01234,
00563, 01605, 00372, 00232, 01072, 00232, 00372, 00432,
00664, 01165, 00022, 00734, 00567, 01605, 00472, 00422,
00024, 00604, 00756, 00756, 00664, 00551, 00022, 01624,
00604, 00172, 01732, 01032, 00664, 01241, 01524, 00171,
01010, 01310, 00022, 00232, 00064, 00417, 01356, 00516,
00132, 00624, 00202, 00445, 00664, 00715, 00022, 01545,
00774, 00410, 00510, 00436, 00756, 01356, 00645, 00762,
00620, 00654, 00634, 00510, 00607, 00410, 00432, 00762,
01772, 01333, 00232, 00410, 00742, 00262, 00410, 01732,
01732, 01122, 01277, 00022, 00472, 00232, 00172, 01632,
01253, 00410, 00762, 00410, 00132, 00732, 00620, 00654,
00666, 00372, 00664, 00551, 01433, 01646, 01122, 01427,
00022, 00416, 00410, 00274, 00372, 01641, 00372, 01507,
00472, 01142, 01503, 01672, 00402, 01366, 00537, 00720,
01463, 01224, 00735, 01204, 01020, 01214, 01020, 01672,
00756, 01556, 00737, 01020, 00132, 01010, 00764, 00657,
00432, 01172, 00422, 00244, 00771, 01444, 01012, 01544,
01020, 00444, 01026, 00144, 01032, 01474, 00730, 00274,
01020, 00674, 00630, 00630, 01030, 00630, 00530, 00230,
