00430, 01130, 00130, 00130, 00630, 00313, 00630, 01344,
00766, 00033, 00374, 00031, 00174, 01030, 00474, 01020,
01374, 00031, 01474, 01130, 00674, 01020, 00174, 00031,
01574, 01020, 00574, 00031, 00374, 01020, 00432, 00774,
00430, 00530, 00313, 00774, 00432, 00730, 01030, 00530,
00330, 01130, 01030, 00130, 00630, 00330, 00330, 01130,
00730, 00530, 00774, 01020, 01504, 00604, 01204, 01010,
00353, 00272, 00610, 00710, 00232, 00032, 00072, 00226,
01362, 01107, 00704, 01224, 01106, 00404, 00422, 00372,
00024, 01215, 01634, 01120, 00232, 00272, 01772, 01632,
00171, 00372, 01156, 01552, 01131, 01156, 00547, 00756,
01672, 00372, 00410, 00510, 00572, 00572, 00572, 01772,
00372, 01552, 01162, 00764, 00765, 00432, 00372, 00510,
00572, 00732, 00034, 01156, 01672, 01772, 00372, 01032,
00757, 00472, 00372, 00510, 00372, 00034, 01225, 01556,
01224, 00732, 01127, 01234, 01204, 01214, 00424, 01202,
00404, 00677, 00414, 00677, 01204, 00634, 01176, 00734,
01213, 00714, 00677, 00704, 00677, 00215, 00553, 00132,
01032, 01164, 01545, 01153, 00756, 01552, 01234, 01032,
01077, 00472, 00664, 01165, 00022, 00024, 01251, 00372,
00510, 00372, 00664, 00551, 00022, 00410, 00215, 00664,
00355, 01156, 00410, 00510, 00756, 01467, 00732, 01477,
00432, 00032, 00642, 00664, 01241, 01443, 00774, 00510,
01224, 01521, 01534, 01263, 00372, 00710, 01364, 01011,
01310, 00710, 00132, 00664, 00155, 00434, 01310, 01262,
00064, 00417, 00620, 00644, 01266, 00756, 01453, 00432,
00372, 01164, 01641, 00372, 00764, 00715, 00654, 01321,
00372, 00410, 01672, 01672, 00432, 00774, 00130, 00410,
01274, 00630, 01667, 01646, 01646, 01122, 01617, 00022,
00410, 00232, 01072, 00472, 00410, 00172, 00262, 01142,
01627, 00232, 00726, 00232, 01366, 01373, 01162, 00022,
01672, 01667, 00756, 01162, 01753, 00422, 00410, 00232,
01132, 00510, 01224, 01406, 01216, 00132, 01332, 01504,
00664, 00551, 00022, 00634, 01263, 00172, 01074, 00442,
00143, 00732, 00676, 00147, 00662, 01672, 00172, 00756,
00732, 00236, 00664, 00375, 00621, 01534, 01470, 00372,
00132, 00710, 00232, 00664, 00521, 00232, 00410, 00616,
01310, 00510, 00232, 01001, 01010, 01310, 00710, 00216,
00016, 01672, 00410, 00664, 00355, 00664, 00165, 00613,
00372, 00132, 00510, 00232, 01056, 00016, 01672, 00664,
00551, 00422, 01264, 01317, 00432, 00624, 01515, 01172,
00412, 00304, 00422, 00064, 00417, 01534, 01260, 00432,
00603, 00624, 01530, 00132, 00664, 00715, 01264, 01317,
01534, 01260, 00372, 00132, 00710, 00664, 00155, 01011,
01310, 00710, 01264, 01427, 00072, 00356, 00774, 00332,
00556, 00733, 00332, 01164, 01575, 00642, 00707, 00720,
00667, 00664, 00421, 00072, 00664, 01323, 00332, 01156,
00757, 00332, 00667, 00620, 01354, 01567, 00332, 00717,
00664, 00165, 00734, 01605, 01262, 00564, 00177, 00520,
00520, 00520, 00520, 00520, 00520, 01020, 01074, 00334,
01625, 00416, 00130, 01360, 01433, 01160, 00372, 00410,
00070, 00376, 00316, 00752, 00752, 00752, 01410, 01252,
00420, 01233, 00720, 00720, 00706, 00706, 01152, 01213,
00070, 00232, 00520, 00520, 01646, 01646, 00242, 00620,
00242, 00332, 01353, 00272, 01160, 00070, 00474, 00206,
00520, 00520, 00232, 01474, 01360, 00232, 01142, 01317,
01074, 01142, 01542, 01663, 00510, 00372, 00064, 00527,
00520, 00520, 00520, 00520, 00520, 00520, 01020, 01334,
01706, 00372, 00410, 00064, 00021, 01356, 01704, 01074,
00620, 00620, 01152, 01543, 00272, 01160, 00070, 00232,
00706, 00706, 01074, 00246, 01703, 01160, 00346, 00070,
00206, 01441, 01441, 01160, 00306, 00232, 01360, 00332,
01146, 01542, 01745, 00232, 01160, 01772, 01772, 01360,
00510, 00372, 00314, 00264, 01737, 00000, 00000, 00000,
