01374, 00432, 01130, 00063, 01434, 00000, 00072, 01074,
00330, 01160, 00314, 01670, 01410, 00575, 00324, 00023,
00174, 01542, 00066, 00711, 00216, 00256, 01674, 01342,
00060, 01374, 00652, 01116, 00243, 01116, 01142, 00267,
01162, 01162, 00402, 01116, 00656, 00516, 00216, 00303,
01116, 00257, 00223, 01116, 00157, 01142, 00217, 00207,
00752, 00317, 01216, 00420, 00314, 01020, 01374, 00316,
01352, 00124, 00774, 00766, 01342, 00107, 01142, 00756,
00357, 00711, 00334, 00105, 01166, 00752, 00317, 00756,
00023, 01155, 00334, 00004, 01166, 00427, 00324, 00105,
00711, 00334, 00105, 00756, 01356, 00116, 01362, 00133,
01162, 01156, 00523, 01342, 00000, 01142, 00547, 00272,
00432, 01174, 00006, 01374, 00206, 00242, 01162, 01102,
00633, 00262, 00774, 01142, 01122, 00657, 01020, 01162,
01374, 00742, 01174, 00272, 00762, 01102, 00723, 01162,
00314, 00774, 00106, 00146, 01326, 00232, 01362, 00232,
01222, 01162, 00222, 00002, 00620, 01122, 01017, 00466,
00006, 00132, 00162, 00156, 00132, 01526, 00232, 00736,
00662, 01676, 00304, 01512, 00231, 00656, 01512, 00157,
01153, 00656, 01020, 00314, 00132, 00172, 00466, 01153,
00036, 01103, 01516, 00245, 00656, 01116, 01616, 01277,
00574, 00130, 00030, 00430, 01616, 01277, 01616, 00656,
00216, 01410, 01356, 00321, 00436, 01156, 00272, 00574,
00230, 00230, 00430, 01616, 01357, 00232, 01216, 01156,
00216, 00732, 00732, 00732, 01174, 00730, 01447, 00420,
00656, 01410, 01636, 01437, 00536, 00716, 00652, 01672,
00232, 00272, 01464, 01203, 01274, 00230, 00330, 00230,
01773, 00704, 01671, 00334, 00351, 01074, 00330, 01671,
00334, 00351, 00416, 01230, 01474, 00714, 01671, 00324,
00360, 00410, 00332, 00410, 01464, 01663, 01564, 01473,
00264, 01757, 01410, 00436, 00032, 01074, 01342, 00412,
01142, 01342, 00324, 01274, 00130, 00230, 00236, 00474,
00730, 01474, 01636, 01142, 00013, 00474, 00130, 01636,
01152, 00037, 00674, 00420, 01106, 01020, 01366, 01025,
00664, 00503, 00664, 01303, 00232, 01534, 00430, 01262,
00664, 00747, 00175, 01360, 01020, 00664, 00147, 01566,
00442, 00432, 01352, 00452, 01410, 01156, 00752, 01152,
00257, 00756, 01020, 00774, 00552, 00303, 00432, 00323,
00406, 01146, 00412, 00304, 01274, 01020, 01074, 00330,
01160, 01020, 01504, 00610, 00331, 00470, 00232, 00710,
00125, 00151, 00710, 00272, 00165, 00232, 00570, 00121,
00151, 00670, 01210, 00121, 00151, 01210, 00232, 00272,
00165, 00232, 00770, 00121, 00151, 01210, 00710, 00165,
00232, 01070, 00121, 00151, 00432, 00774, 00742, 00232,
01170, 00121, 00151, 00314, 00064, 00403, 00410, 00331,
00432, 00774, 00742, 00232, 01170, 00135, 00372, 00332,
00410, 01326, 01025, 01322, 01025, 00610, 00670, 00272,
00165, 01170, 00071, 00570, 01524, 00577, 00770, 00135,
00510, 00071, 00422, 00111, 01524, 01001, 01504, 00175,
01010, 01310, 00470, 00737, 00372, 00331, 01170, 00372,
01326, 01025, 00610, 00670, 00232, 01170, 00071, 01524,
01001, 01504, 01010, 01310, 00470, 01123, 00032, 00774,
00642, 01366, 01025, 00664, 00477, 00432, 00774, 00742,
00232, 00121, 00151, 01352, 00656, 00432, 01564, 00707,
01074, 00330, 01160, 01570, 01152, 01423, 00574, 00630,
01474, 01142, 01423, 01730, 01074, 01342, 00703, 01142,
01542, 00704, 00304, 00230, 00064, 00123, 01210, 01116,
01116, 00664, 00141, 00064, 00417, 01210, 01504, 01532,
00723, 00264, 01753, 00610, 00710, 00121, 01210, 00232,
00656, 00656, 00664, 00501, 01457, 00000, 00000, 00000,
00432, 00742, 01772, 00762, 00372, 01302, 00751, 01706,
00756, 00032, 01602, 01677, 00732, 00472, 01667, 01622,
01733, 01646, 00672, 00756, 00472, 01723, 00106, 01142,
01627, 01162, 01627, 00732, 00156, 00436, 00446, 00532,
