01760, 00320, 01160, 01260, 01074, 00330, 01160, 01260,
01670, 01572, 01023, 01000, 00432, 00274, 00130, 00230,
00230, 00230, 01650, 00171, 01074, 00742, 01160, 01260,
00742, 01160, 01260, 00110, 00064, 00363, 00064, 00021,
00432, 01550, 01020, 00432, 01474, 00235, 00163, 00232,
00420, 00432, 01102, 00232, 01160, 00232, 01360, 01102,
00257, 01020, 01334, 00125, 00432, 01000, 01074, 00230,
00235, 01074, 00130, 00235, 00171, 01650, 00043, 00232,
00510, 00674, 00206, 00232, 00432, 00372, 00310, 00210,
00314, 01714, 01724, 01111, 00310, 00064, 01537, 00464,
01711, 00510, 00236, 01524, 01127, 00416, 01025, 00410,
01570, 01556, 00322, 00510, 00416, 01156, 00232, 00216,
00372, 00072, 00467, 00256, 01322, 01147, 01112, 00774,
01746, 01352, 01156, 01666, 01152, 00647, 01746, 01746,
01746, 01020, 00615, 01174, 00732, 00426, 01362, 01174,
00720, 01102, 01162, 00733, 01352, 01201, 01152, 00720,
00763, 01646, 00330, 00372, 01020, 00414, 00614, 00714,
01014, 01214, 01514, 01020, 00574, 00630, 00230, 00272,
01074, 00330, 01160, 01570, 01356, 01234, 00752, 01412,
01243, 00412, 00742, 01217, 01074, 00742, 01402, 01243,
00402, 00324, 01235, 01550, 01020, 00464, 01307, 00032,
00432, 00214, 01274, 01630, 01230, 01230, 01430, 01230,
00420, 01146, 00232, 00372, 00310, 00210, 00410, 00574,
00430, 01156, 01347, 00210, 01146, 01363, 00210, 01714,
01724, 01277, 00410, 00314, 00300, 00334, 01312, 00314,
01734, 01303, 00300, 01724, 01317, 00334, 01312, 00210,
00372, 00100, 00064, 00323, 01025, 00764, 01743, 00604,
01110, 01110, 01110, 00372, 00432, 01474, 00330, 00410,
01414, 00420, 00310, 01764, 01431, 00132, 00172, 01424,
01353, 00464, 00035, 00711, 00210, 00410, 00424, 01764,
00624, 01766, 00764, 01733, 00000, 00000, 00304, 01061,
00064, 00223, 00372, 01237, 01537, 00764, 01767, 00000,
00064, 00523, 00264, 01607, 00013, 01037, 00713, 01433,
01023, 00753, 00756, 00756, 00756, 00756, 01177, 00423,
00756, 00756, 00247, 00000, 00756, 00756, 00143, 00637,
00756, 00756, 00756, 00053, 00543, 00000, 00756, 00756,
01053, 00623, 00000, 00433, 01123, 01057, 00653, 00756,
00103, 00756, 00130, 00363, 00000, 00533, 01457, 00443,
00457, 00503, 00756, 00756, 00756, 00756, 01303, 00756,
00756, 00756, 00756, 00756, 00756, 00756, 00374, 00756,
00620, 01354, 01477, 00733, 00164, 00077, 00030, 00733,
01601, 00630, 00743, 01601, 00704, 01204, 01530, 00743,
00434, 00770, 01234, 00770, 00164, 01647, 00064, 00167,
01430, 00720, 00434, 00412, 00734, 00412, 01024, 00412,
01004, 00620, 00030, 00743, 01630, 00756, 00643, 01230,
00756, 00547, 00434, 01447, 00734, 01447, 00624, 01447,
01030, 00603, 01601, 00730, 01204, 01447, 00164, 00177,
00164, 00247, 00424, 01600, 00624, 01600, 01605, 01007,
01601, 00404, 00604, 00743, 01601, 00704, 01007, 01601,
01004, 01007, 00756, 00424, 01654, 00634, 01643, 00724,
01656, 01224, 01476, 00363, 00424, 01452, 00624, 01452,
01234, 01452, 01004, 00574, 01730, 01730, 00743, 00424,
01654, 00624, 01656, 01034, 01654, 00752, 01552, 01755,
00232, 00716, 00232, 00743, 01542, 01566, 00130, 00733,
01024, 01670, 00724, 01474, 00624, 01670, 01224, 01474,
00314, 01100, 00324, 01676, 01330, 00363, 00430, 01074,
01000, 00256, 00716, 00416, 00164, 00220, 01601, 01130,
00704, 00404, 00743, 00424, 01721, 00634, 01727, 00330,
00337, 01024, 01467, 00330, 01224, 01467, 00343, 01342,
01717, 00742, 01563, 01477, 01142, 01024, 01717, 00337,
01214, 00414, 00614, 00714, 01014, 01514, 01020, 01224,
01753, 01230, 00363, 01430, 00363, 01152, 01014, 00372,
00410, 00372, 00464, 01307, 00764, 01763, 00764, 01737,
00000, 00000, 00000, 00000, 00000, 00000, 00000, 00000,
